colors<-  c("#EF8A62",
            "#1f78b4",
            "#1b9e77",
            "purple3",
            "khaki4",
            "#E9A3C9",
            "#A1D76A",
            "#FFFF33",
            "red",
            "green",
            "lightblue",
            "#E8AEB7",
            "#82ABA1",
            "#1A181B",
            "#564D65",
            "blue",
            "#A9FFF7",
            "#94FBAB"
)



colors2 = c(
  "#000004FF",
  "#BB3754FF",
  "#FCFDBFFF",
  "#7A0403FF",
  "#3E356BFF",
  "#7C7B78FF",
  "#BCAF6FFF",
  "#FFEA46FF",
  "#CBD5E8" ,
  "#357BA2FF",
  "#49C1ADFF",
  "#DEF5E5FF",
  "#414D6BFF",
  "pink4",
  "#B3E2CD",
  "#FDCDAC" 
)

colors2 = c(
  "#7A7D7D",
  "pink4",
  "lightblue",
  "#414D6BFF",
  "#FCFDBFFF",
  "#CBD5E8" ,
  "#357BA2FF",
  "#49C1ADFF"
  
  
)

